image: Cartographer_e4_102221.pgm
resolution: 0.050000
origin: [-55.255072, -32.573679, 0.000000]
negate: 0
occupied_thresh: 0.65
free_thresh: 0.196

