image: Cartographer_101521.pgm
resolution: 0.050000
origin: [-54.805865, -31.432147, 0.000000]
negate: 0
occupied_thresh: 0.65
free_thresh: 0.196

